1 7 0.142857 
 0.0625 23322010102203232022013001332311033
 0.0555556 31013003220030020103113132311201222
 0.0526316 21212221000233020212331302101313001
 0.0714286 12233101000030102020313003102130012
 0.0526316 22211113330300321312101201223102023
 0.0555556 03122112133122202022022102221010030
 0.0625 20311323220312110012230323331012223
 0.142857 01103211103221302030000330133003003
 0.0526316 01302322211310223123221310321301223
 0.05 31311113113201012330332020301211121
 0.0833333 13310302101133020022303003300132333
 0.0769231 20232121200300300123113021023000203
 0.0555556 03122112133122202022022102221010030
 0.0555556 03122112133122202022022102221010030
 0.0588235 20312023030203300121232320023131130
 0.0526316 30323313131233313213011031231201202
 0.0714286 12320021131121212310120300123000332
 0.0526316 21021331120000123323113130121121213
 0.0526316 30312103031301021221003132313022001
 0.0714286 13302333211133310331203300320321233
 0.0714286 32113113023311013133033331130012232
 0.0555556 21303033132332303131320213133311120
 0.0555556 20111001000003101133032110301113310
 0.0666667 30330120311220103220000310021231021
 0.05 00310201012103312201123113013220022
 0.0625 01022030001110232331113310320031121
 0.0526316 30231023322210032113210103213022201
 0.0526316 01330132120323102113332321222111322
 0.0666667 01022001022032113022200100120101310
 0.0714286 22200012301110010333303123100123321
 0.0833333 31123213333110133033203033320000332
 0.0555556 22320021131121212310120300123222323
 0.0769231 32210133100100003021102111320302013
 0.0526316 20021220021020323200231300311013210
 0.0526316 30012213102123101330322110220231023
 0.0714286 03303132213133211033132120233323220
 0.0666667 30330120311220103233032110301113310
 0.0555556 03122112133122202022020102221010030
 0.05 02121121212030200330221003230122122
 0.0555556 32131021021312002113203102103200333
 0.0555556 21321202121202302201223102002211300
 0.0555556 31300313000210022012012201231212311
 0.0526316 23031022301111331303122231201212132
 0.05 01022030012103312201123113013220022
 0.0555556 00310201001110232331113310320031202
 0.0666667 31200010030013111110331110021011121
 0.0526316 12011322023222111230311013000202222
 0.0714286 33210111011232030303122203002332020
 0.0555556 20123331223031132011112022030313021
 0.0625 12202202103312232220210011311113010
 0.0526316 01330132120323102113332321222111322
 0.0666667 31200223332323023202302123220101112
 0.0833333 10233003310223303021003012231213300
 0.0625 23320013301021322203302101031203332
 0.0666667 20123331203312232220210001332311033
 0.0588235 23322010102203232022013011311113010
 0.0625 13211231003113312103020310022021003
 0.0909091 20322023333303123021003010003032123
 0.0833333 03022023030203300121232320023131130
 0.0714286 30300100102033130332223121202302123
 0.0625 21032301021332330110023233223203312
 0.0526316 32113113023311013131320213133311120
 0.0769231 30223332222002003210123200303313102
 0.0588235 20233001302320321123202311201300320
 0.0666667 01321022023023323123320321010230323
 0.142857 01103211103221302030000330133003003
 0.0555556 22030203313111111032023212011213300
 0.0769231 23233003310223303021003012233212330
 0.0588235 00113003202032202222212100322102330
 0.0625 00022130302032303103230122310330201
 0.05 32131021021312002113212020301211121
 0.0714286 31311113113201012330323102103200333
 0.0625 32201131203312232220210011311113010
 0.0526316 20123202112322020203000003021012213
 0.0625 01330132120321111233001110330133230
 0.0526316 11321323101123102113332321222111322
 0.0666667 30330120311220103233032110301113310
 0.0666667 22200012301110010333303123100101310
 0.0555556 12203302120132102031201230110133231
 0.142857 01103211103221302030000330133003003
 0.0909091 20210302101133020022303003300132320
 0.0555556 31022121102100222123211230011303333
 0.0625 00013203021022002120331230300312003
 0.0714286 03000100102033130332223121202302123
 0.0588235 20123331203312232220210011311113010
 0.0625 21112122302220110322333110030331103
 0.0588235 13331010123310201133031011023301010
 0.0526316 03110321001203220133220031133211301
 0.0625 10313113121003222113101300330002123
 0.0555556 23110123002032131333212113213112300
 0.0588235 21123113203012000112212100322102330
 0.0555556 00022130302032303022210232132033011
 0.111111 33212101322102301212230330133003003
 0.0909091 01103211103221302030003320233303033
 0.0769231 22322000300322202302010113101332210
 0.0555556 21011330103011333211032221310213220
 0.0555556 20222322201030013213011031231201202
 0.0714286 20313313131233321211000320000322000
 0.0555556 02211222112133020032313100201201020
 0.0714286 02331122302030311031230203133131303
 0.0833333 23233003310223303021003012231213300
 0.0588235 33100311330120211022121011031303103
 0.0666667 22322023333303123021002310022021003
 0.0625 21110123002032122113101300330002123
 0.0714286 30230331231133103210300132000302133
 0.0588235 31303332222002003123202311201300320
 0.0526316 32022231131020310223103000021032210
 0.0769231 13211101310300230200130332213013113
 0.0588235 12012213120220002302010113101332210
 0.0833333 21011300300322233202331133000222031
 0.0526316 03110321001203220133220031133211301
 0.0714286 13302333211133310331203312313022001
 0.0714286 23233003310223303021003012232113302
 0.0714286 22101033202233210120031332031213300
 0.0625 23000111022122220303312303213022201
 0.0555556 30231023322210032113210101113023010
 0.0588235 20233001302320321210123200303313102
 0.0588235 33100311330120211022121011031303103
 0.0555556 30330120311220103233113031203032123
 0.0833333 32132313223321232133032110301113310
 0.0526316 31311113113201012330332021201212132
 0.05 23031022301111331303122230301211121
 0.0526316 12202202123031132011112022030313021
 0.0833333 13211101310300230200130332213013010
 0.0625 00013203021022002120331230300312003
 0.142857 01103211103221302030000330133003003
 0.0625 00122010102203232022013001332311033
 0.0714286 23320102033103210113010011020211300
 0.0625 22101033202233210120031332032113302
 0.0526316 20231020300012301312320223202121031
 0.05 02121121212030200330221003230122122
 0.0526316 03110321001203220133220031133211301
 0.0526316 13211231003221021220032232002101203
 0.0526316 10312031212113312103021010003032123
 0.0625 31310331231133103210300132000302133
 0.0588235 00022130302032303022212100322102330
 0.0714286 23110123002030102020313003102130012
 0.0769231 12233101000032122113101300330002123
 0.0588235 30012213102123232021232230021030103
 0.0714286 30120100222221211033132120233323220
