3 26 0.142857 
 0.0666667 20311323220312113022200100120101310
 0.0625 30230201022032110012230323331013312
 0.0769231 22101033100100003021102111320302013
 0.0909091 20322023333303123021003010003032323
 0.0714286 33210111011232030303122202233323220
 0.0588235 33212101322102301212332121002332020
 0.0625 13211103310300230200012100322102330
 0.0625 21123113203012000112330332213013010
 0.0588235 21123113203012000112212100322102330
 0.0625 12202202103312232220210011311113010
 0.0588235 12012212133122202022023021023000203
 0.0555556 03122113120220001032023212011213300
 0.0526316 01303003310223130332223121202302123
 0.0769231 03000100102033303021003012231213300
 0.0555556 12012213120220001032023212011213310
 0.1 01321022023023323123032110301113300
 0.0833333 20323003310223303021003012231301310
 0.0909091 10232023333303123021003010003032323
 0.0588235 20211113330300200330221003230122122
 0.0769231 22232121200300300123112102221010030
 0.0625 33212301021332330110023233223203312
 0.111111 01321022023023323123320321033003003
 0.0625 30312203021022002120331230300312003
 0.0526316 00013103031301021221003132313022001
 0.0769231 23233003310223303021003012233212330
 0.0769231 23110123002030102020313003102130003
 0.142857 23110123002021211033030330133003003
 0.0526316 30120100222230013131320213133311120
 0.0588235 00233001302320321210123200303313102
 0.0909091 31123213332110133033203033320013300
 0.0833333 01022030001221302030000330110230323
 0.0588235 01103211103113103210300132000302133
 0.0769231 23110123002030102020313003102130300
 0.0588235 13211101310223303021003012231213003
 0.05 22030203313111112302010113101332210
 0.0769231 13211101310300230200130332213013113
 0.142857 01103211103221302030000330133003003
 0.0526316 03122112133122202022020102221000203
 0.0588235 23233003311310223123221310321301223
 0.0769231 10232322210300230200130332213013010
 0.0909091 22103211103221302030000330110230323
 0.142857 01101033203221302030000330133003003
 0.0714286 22101033202233210120031332032311033
 0.0769231 12233101000032122113101300332113302
 0.111111 00233001302320321210123330133003003
 0.0769231 22101033203221302030000200303313102
 0.0526316 01112103031301021221003132313022001
 0.0833333 30303211103221302030000330110230323
 0.0555556 01303003310223303021003012230122122
 0.0769231 22211113330300200330221003231213300
 0.0588235 20322023333303123021010011311113010
 0.0666667 12202202103312232220203010003032323
 0.0625 10313113121003222113101300330002123
 0.0714286 32210133202233210120031332031213300
 0.0588235 21123113203012000112212100322102330
 0.05 22030203313111112302010113101332210
 0.0833333 33023331203312232220210011311113010
 0.0555556 00122121102100222123211230011303333
 0.0625 20123202112322020203000030120322000
 0.0769231 20313313131233321211000320013003003
 0.0666667 12011313203012001211000320000322000
 0.0588235 20313313131233320112212100322102330
 0.0625 33212301021332330110023233223203312
 0.0625 21032301021332330110023233223203312
 0.0666667 01200012301110010333303123100131121
 0.0769231 22022131231133103210300132000302133
 0.0769231 12233101000032122020313003102130003
 0.0769231 23110123002030102113101300332311033
 0.0588235 22101033203220200330221003230122122
 0.142857 22211113330301302030000330133003003
 0.0714286 22200012301110010333303123100002031
 0.125 21011300300322233202331133000233300
 0.0625 01103231231133103210300132000302133
 0.0555556 01022111102233210120031332032113302
 0.0588235 01022131231133103210300132001332210
 0.0625 01022000300322202302010113100302133
 0.0714286 12010102033103210113010011020211300
 0.0769231 23321322022030311031230203133131303
 0.0769231 32210133100100003021102111320302013
 0.0588235 03122112133122202022020101332311033
 0.0769231 32201131201110010333303123120302013
 0.0625 22200012303312232220210011311113010
 0.0625 31013003220030020103113132311201231
 0.0714286 21011300300322233202331133000222022
 0.0625 20123331203313312103020310022021003
 0.0555556 13211231003112232220210002221010030
 0.0588235 00233001302320321210123200303313102
 0.111111 01321022023023323123320321033003003
 0.0625 21123122023222111230311013000202203
 0.0769231 20123202112322020203000030133003022
 0.0666667 22200012301110013021003012231301310
 0.1 10233003310223300333303123100101310
 0.0833333 22211113330300202022023021023000203
 0.0526316 03122112133122321312101201223102023
 0.0769231 32132313302320321210123200303313102
 0.0666667 00233001223321232133320321010230323
 0.0714286 32210133100100003021102111300123321
 0.0588235 23031022301111331303122230301203321
 0.0526316 30223332222002003210113003102130012
 0.0666667 32113113023311102020323200303313102
 0.0588235 30223332222301021221003132313022001
 0.0769231 30312103031002003210123200303313102
 0.1 23233003310300230200130332213013010
 0.1 23233003310300230200130332213013010
 0.0714286 20210133202233210120031332031213300
 0.0909091 32322023333303123021003010003032323
 0.0555556 20123202112322020330221003230122122
 0.142857 22211113330300200203000030133003003
 0.0625 01103211103221302022023021023000203
 0.0666667 03122112133122202030003320233321233
 0.0666667 32132313223321232133320321010230323
 0.0769231 22101033100100003021102111320302013
 0.0588235 03122112133122202023332321221010030
 0.0526316 22211113330300321312101201222111322
 0.0769231 20312023030203310331203300320303033
 0.0714286 13302333211133300121232320023131130
 0.0625 21032301021332330110023233223203312
 0.0714286 12233101000030102020313003102130012
 0.0588235 31310331231130232331113310320123321
 0.0714286 32210133100100003021102111300031121
 0.0769231 02101033202233210120031331320302013
 0.0555556 31311113100100003021102112031213300
 0.0625 31123213332110133032212100322102330
 0.0769231 12011313203012000113203033320013300
 0.0588235 13211101310223303021003012231213300
 0.0555556 01330132120323102112022102221010030
 0.0555556 22101033202233210120031111320302013
 0.0833333 32210133100100003021102332031200332
 0.0588235 02101033202233210120031332031213010
 0.0833333 13211103310300230200130332213013300
 0.0526316 01330132120323102113332321222111310
 0.0909091 23233003310300230200130332213013022
 0.0588235 32201131203312232220210011311113013
 0.0555556 23322010102203232022013001330002120
 0.0555556 23122112133122202022020102221010030
 0.0714286 32210133100100003021102111300123321
 0.0769231 32210133100100003021102111320302013
 0.0714286 12233101000030102020313003102130012
 0.05 31303332222002003123202311213022201
 0.0625 30323313131233312113210103201300320
