0 67 0.142857 
 0.0555556 31022121102100222123211230011303320
 0.0555556 02211222112133020032313100201201020
 0.0555556 03122112133122202022022102221010030
 0.0555556 10313113121003231333212113213112300
 0.0555556 23000111022122220303312301113023010
 0.0625 22221132132003012100113022303203310
 0.0714286 10111133010122211300300331223103203
 0.0526316 03110321001203220133220031133211301
 0.0714286 13310023333001203231100023223133322
 0.05 21321202121202022012012201231212311
 0.0588235 02233301211121302202233233102223121
 0.1 00312301323213330023230011330032010
 0.05 00310201001110232331113310320031121
 0.05 21123030032022302121001022020031011
 0.0666667 33312213320023313320213213313220123
 0.0909091 20210302101133020022303003300132333
 0.0714286 00200230303323213112301020002333013
 0.0833333 23233003310223303021003012231213300
 0.0833333 21111303320213030001331220120000323
 0.0588235 00220220020010203033222332010323022
 0.0714286 00120102033103210113010011020211300
 0.0526316 23031022301111331303122231201212132
 0.0555556 22322030103011333211032221310213220
 0.0625 11311302020222132001132220111323333
 0.0909091 32202220233300233300200233320332310
 0.0833333 30322023030203300121232320023131130
 0.0526316 33010232233320210210110222112211313
 0.0625 22222002112011231330001130332002003
 0.0625 21112122302220110322333110030331103
 0.0526316 01310110103113301223013220130231201
 0.0625 12012213120220033202331133000222031
 0.0625 22101033202233210120031332032113302
 0.0588235 22030203313111111032023212013212330
 0.0588235 10113321331002203132113311102013003
 0.0555556 31013003220030020103113132311201222
 0.0555556 01131333201121100330302212001102223
 0.0588235 22102033203032210121132133321312013
 0.0714286 12233101000030102020313003102130012
 0.0625 11321323101121111233001110330133230
 0.0909091 33212101322102301212233320233303033
 0.0714286 31312132233000302031031300112111322
 0.05 01022030012103312201123113013220022
 0.0526316 12202202123031132011112022030313021
 0.0714286 31300313000210302201223102002211300
 0.0588235 30120100222221232021232230021030103
 0.0588235 33100311330120211022121011031303103
 0.0526316 13211231003113312103021010003032123
 0.0769231 01102213001302011123300032030200000
 0.05 33331312311120021333112221322202101
 0.0714286 30012213102123211033132120233323220
 0.0588235 22220212220323010102021030112220033
 0.0588235 13332010331312113232010110112230330
 0.0526316 30221011111323222201031230002021302
 0.0833333 10201311313330221120003013032320200
 0.0769231 21011300300322202302010113101332210
 0.0666667 20322023333303123021002310022021003
 0.0714286 30301111121132000020133332200220201
 0.05 02000003012300211220202020222122212
 0.0625 23322010102203232022013001332311033
 0.0666667 20222322201030021211000320000322000
 0.0588235 00022130302032303022212100322102330
 0.0526316 01302322211310223123221310321301223
 0.0555556 12203302120132102031201230110133231
 0.0555556 32022231131020310223103000021032313
 0.0714286 03000100102033130332223121202302123
 0.0555556 30312103031301021221003120320321233
 0.0666667 32210133100100003021101300311013210
 0.142857 01103211103221302030000330133003003
 0.0526316 33210111011232030303111013000202222
 0.05 01022001022032113022200100120123321
 0.0526316 22211113330300321312101201223102023
 0.0588235 03303132213133101330322110220231023
 0.0625 20311323220312110012230323331012223
 0.0666667 31200223332323023202302123220101112
 0.05 20313313131233313213011031231201202
 0.0714286 32132313223321232133113031203032123
 0.0666667 10303100131332303201013011131313112
 0.05 11312000002201312020232003220130210
 0.0526316 21212221000233020212331302101313001
 0.0666667 23013212222131303032330112033300000
 0.0714286 00113003202032202303230122310330201
 0.0666667 30223332222002003123202311201300320
 0.0588235 20123331203312232220210011311113010
 0.0526316 12130232013111321231101111001032020
 0.0526316 01330132120323102113332321222111322
 0.0714286 02331122302030311031230203133131303
 0.0588235 12132021232023312312103202200333111
 0.0526316 00221310213101203010111212031322020
 0.0526316 10100123131130113332230000321102301
 0.0526316 10312031212221021220032232002101203
 0.05 02121121212030200330221003230122122
 0.0555556 21331320101021301021312213333003121
 0.0666667 31200010030013111110331110021011202
 0.0909091 01020211322331200333303301220201133
 0.0714286 13302333211133310331203312313022001
 0.0526316 10201112112001232103013021012031320
 0.05 10031021210321012110203031100222021
 0.0555556 32131021021312002113203102103200333
 0.0588235 20311120212011033003103211313112303
 0.0625 31310331231133103210300132000302133
 0.0526316 32113113023311013131320213133311120
 0.0666667 30330120311220103233032110301113310
 0.0625 00013203021022002120331230300312003
 0.0526316 20231020300012301312320223202121031
 0.0714286 12011322023222111230322203002332020
 0.0909091 31123213333110133033203033320222323
 0.0769231 21202010012201122121322133233230200
 0.0714286 21303033132332303133033331130012232
 0.0526316 10320013301021322203302101031203332
 0.0666667 01321022023023323123320321010230323
 0.05 20111001000003101120000310021231021
 0.0526316 02111112223130023121201232221121031
 0.0555556 20021121233211031300323312311121300
 0.0555556 21123113203012000112210232132033011
 0.05 22020220001023022303100130200000011
 0.0666667 22200012301110010333303123100101310
 0.0526316 30231023322210032113210103213022201
 0.0588235 20021220021020323200232111320302013
 0.0625 21032301021332330110023233223203312
 0.0588235 20233001302320321210123200303313102
 0.0526316 02133012110023331032120130311012002
 0.05 10201203223202103210110020310113222
 0.0555556 23032232003133012131201021022101303
 0.0769231 13332121200300300123113021023000203
 0.05 31311113113201012330332020301211121
 0.0588235 13331010123310201133031011023301010
 0.0588235 22123201202111232223111111133220223
 0.0588235 02302113022300222012312133031033221
 0.0526316 11021331120000123323113130121121213
 0.0714286 30010102231101120001230323101011013
 0.0666667 13100202231321022323310303112320203
 0.0588235 23210123113033212100132313220132323
 0.0555556 32233133202202130101221001300232201
 0.0714286 22320021131121212310120300123000332
 0.05 33211233111303122021312220011220112
 0.0526316 10013102301013212212012310111012113
 0.0833333 13211101310300230200130332213013010
 0.0526316 32201002112322020203000003021012213
 0.0625 23110123002032122113101300330002123
 0.0526316 10331221113111012311222010230213223
