4 15 0.142857 
 0.111111 32201131203312202030000330133003003
 0.0555556 01103211103221332220210011311113013
 0.0588235 21123113203012000112212100322102330
 0.0625 21123122023222111230311013000202203
 0.0769231 01103231231133103210300132000313300
 0.0833333 01321022023023323123032110301102133
 0.0769231 22101033100100003021102111320302013
 0.1 23233003310300230200130332213013010
 0.0714286 01321022023023323123320321033323220
 0.1 33210111011232030303122202233003003
 0.0625 12212301021332330110023233223203312
 0.0588235 33202202103312232220210011311113010
 0.0555556 12012213120220001032023212011213310
 0.0666667 22200012301110013021003012231301310
 0.0625 33212301021332330110023233223203312
 0.142857 22211113330300200203000030133003003
 0.0588235 20322023333303123021010011311113010
 0.0769231 02101033202233210120031331320302013
 0.05 00013103031301021221003132313022122
 0.0714286 22101033203220200330221003230122001
 0.0833333 32210133100100003021102332031200332
 0.1 01321022023023323123032110301113300
 0.0555556 22030203313111112302010113101332012
 0.0555556 30223332222002003210113003102130210
 0.0555556 23110123002021211033102111320302013
 0.0769231 22101033100100003021030330133003003
 0.0588235 00233001302320321210123200303313102
 0.0588235 20313313131233320112212100322102330
 0.0769231 32210133100100003021102111320302013
 0.0769231 22101033100100003021102111320302013
 0.0625 23110123002021211033030332221010030
 0.0769231 01330132120323102112022100133003003
 0.05 22103211103221302033113132311201231
 0.0833333 31013003220030020100000330110230323
 0.0833333 32132313302320321220323200303313102
 0.0588235 32113113023311102010123200303313102
 0.05 01303003310223130332223121202302121
 0.0666667 30223332222301021221003132313022003
 0.0588235 30223332222002003210113003102130013
 0.0588235 21123122023222111230311013000202202
 0.111111 31123213332110133032212100333003003
 0.0714286 01321022023023323123320321022102330
 0.0625 03122112133002003210113003102130012
 0.0526316 30223332222122321312101201223102023
 0.142857 22211113330301302030000330133003003
 0.0588235 30223332222301021221003132313022001
 0.0769231 30312103031002003210123200303003003
 0.0909091 22211113330300200203000030133313102
 0.0833333 13211103310300230200130332213013300
 0.125 21011300300322233202331133000233300
 0.0666667 01200012301110010333303123100131121
 0.0625 33212301021332330110023233223203312
 0.0625 01022000300322202302010111311113010
 0.0625 20322023333303123021010013100302133
 0.0666667 21121322022030311031230203133131303
 0.0625 23323122023222111230311013000202203
 0.0526316 30323313131233312113201201222111322
 0.0625 22211113330300321312110103201300320
 0.0555556 12010102033103210112031332031213010
 0.0588235 02101033202233210121010011020211300
 0.0625 01303003310223303021003012230122133
 0.0526316 01103211103113103210300132000302122
 0.0769231 30311033203221302030000330133003003
 0.0769231 01102103031002003210123200303313102
 0.0555556 20322023333303123103113132311201231
 0.0666667 31013003220030020021010011311113010
 0.0588235 22101033203220200330221003230122122
 0.0625 30323313131233312113210103201300320
 0.0526316 03122112133123102113332321222111310
 0.0666667 01330132120322202030003320233321233
 0.0526316 01112103031301021221003132313022001
 0.0714286 22101033202233210120031332032311033
 0.0555556 20210132120323102112022102221010030
 0.0769231 01330133202233210120031332031213300
 0.0769231 12233101000032122113101300332113302
 0.0833333 30303211103221302030000330110230323
 0.0588235 00233001302320321210123200303313102
 0.0666667 32113113023311102020323200303313102
 0.0769231 12233101000032122020313003102130003
 0.0588235 13211101310223303021003012231213003
 0.0909091 12011211103221302030000330110230323
 0.0714286 22103313203012001211000320000322000
 0.0625 10313113121003222113101312213013010
 0.0769231 10232322210300230200130320330002123
 0.05 22211113330030020103113132311201231
 0.0769231 31013003220301302030000330133003003
 0.0625 31123213332110133000130332213013022
 0.0909091 23233003310300230233203033320013300
 0.0588235 03122112133122202022020101332311033
 0.0588235 13211101310223303021003012231213003
 0.0588235 12233101000032303021003012230122122
 0.0555556 01303003310223122113101300332113302
 0.0769231 12011313203012000113203033320013300
 0.142857 23110123002021211033030330133003003
 0.0625 33210110102033303021003012231213300
 0.0769231 03000101011232030303122202233323220
 0.0909091 22101033203221302030000330110230323
 0.0769231 01022030001221302030000200303313102
 0.0714286 12010102033103211202331133000233300
 0.0714286 21011300300322232113010011020211300
 0.0666667 22211113330300202022023320233321233
 0.0625 03122112133122202030003021023000203
 0.0666667 23122112133122213022200100120101310
 0.0555556 20311323220312102022020102221010030
 0.0555556 01321022023323102112022102221010030
 0.0588235 01330132120023323123032110301113300
 0.0526316 22103211103221302030101201223102023
 0.0769231 03122112133122321312000330110230323
 0.0769231 22211113330300200330221003231213300
 0.0769231 23321322022030311031230203133131303
 0.0714286 20123133100100003021102111300123321
 0.0555556 32210202112322020330221003230122122
 0.0555556 20311231003112232220210002221010030
 0.111111 13212023030203310331203300320303033
 0.0555556 10232322210310232331113310320123321
 0.0588235 31310331231120230200130332213013010
 0.0714286 22211113330300200330222100322102330
 0.0588235 21123113203012000112211003231213300
 0.0833333 23110123002030133033203033320013300
 0.0714286 31123213332110102020313003102130300
 0.0555556 01022000300322202303303123100101310
 0.0833333 10233003310223300332010113100302133
 0.0769231 01321022023223300333303123100101310
 0.111111 10233003310023323123320321033003003
 0.1 10233003310223300333303123100101310
 0.0555556 20123202112322020330221003230122122
 0.1 20123202103023323123032110301113300
 0.0833333 01321022032322020203000030120322000
 0.0909091 01321022023023323123032110300233300
 0.111111 21011300300322233202331133001113300
 0.0714286 13211101310300230200023021023000203
 0.0666667 22211113330300202022130332213013113
 0.0625 12202202103312010333303123100002031
 0.0625 22200012301110232220210011311113010
 0.0909091 33023331203312232220313003102130012
 0.0666667 12233101000030102020210011311113010
 0.0714286 12233101000030102020313003102130012
 0.0714286 22200012301110010333303123100002031
 0.0769231 22101033203221302030000200303313102
 0.0769231 20313313131233321211000320013003003
