2 8 0.142857 
 0.0555556 03122112133122202022022102301113310
 0.0555556 30330120311220103233032110221010030
 0.0769231 30223332222002003210123200303313102
 0.0526316 22211113330300321312101201223102023
 0.111111 01321022023023323123320321033003003
 0.0909091 01103211103221302030000330110230323
 0.0526316 03122112133122202022020102221000203
 0.0714286 20232121200300300123113021023010030
 0.142857 21103211103221302030000330133003003
 0.0588235 00233001302320321210123200303313102
 0.0625 33212301021332330110023233223203312
 0.111111 21032101322102301212230330133003003
 0.0714286 32210133100100003021102111300123321
 0.0833333 22200012301110010333303123120302013
 0.0555556 01330132120323102112022102221010030
 0.0526316 03122112133122202023332321222111322
 0.0625 21032301021332330110023233223203312
 0.0769231 13211101310300230200130332213013113
 0.0666667 22101033202233210120031332031200332
 0.0909091 31123213332110133033203033320013300
 0.0769231 22200012301110010333303123100013300
 0.0833333 10233003310223303021003012231301310
 0.0555556 23122112133122202022020102221010030
 0.0714286 02101033202233210120031332031213300
 0.0526316 13331010123310201133031011023301213
 0.05 21021331120000123323113130121121010
 0.0588235 21123113203012000112212100322102330
 0.0555556 31013003220030020103113132311201222
 0.0625 20311323220312110012230323331012223
 0.0625 22101033202233210120031332032113302
 0.0666667 32132313223321232133320321010230323
 0.0833333 01321022023023323123032110301113310
 0.0555556 20222322201030013213011031231201202
 0.0625 32201131203312232220210011311113010
 0.0555556 01302322211303123021002310022021003
 0.0666667 22322023333310223123221310321301223
 0.0555556 31311113100100003021102111320302013
 0.05 32210133113201012330332020301211121
 0.0769231 32210133100100003021102111320302013
 0.0714286 33210111011232030303122203002332020
 0.0555556 31022121102100222123211230011303333
 0.0666667 31200010030013111110331110021011121
 0.0714286 01303003310223303021003012231213300
 0.0526316 10232322211310223123221310321301223
 0.0666667 01103211103221302030003320233321233
 0.111111 13302333211133310331203300320303033
 0.05 30323313131233312113210103213022201
 0.05 30231023322210033213011031231201202
 0.0526316 22211113330300321312101201223102023
 0.0625 13211231003113312103020310022021003
 0.0526316 30312103031301021221003132313022001
 0.0526316 13211231003221021220032232002101203
 0.0625 20123331203312232220210002221010030
 0.0588235 03122112133122202022020101332311033
 0.0769231 20232121200300300123112102221010030
 0.0588235 03122112133122202022023021023000203
 0.0588235 00123331203312232220210011311113010
 0.0666667 21022001022032113022200100120101310
 0.0588235 12011313203012000112212100322102330
 0.0526316 21123122023222111230311013000202222
 0.0555556 23322010102203232022013001330002123
 0.0833333 12233101000032122113101300332311033
 0.0714286 23320102033103210113010011020211300
 0.0714286 03303132213133211033132120233323220
 0.0666667 22200012301110010333303123100131121
 0.0588235 23031022301111331303122230301203321
 0.0526316 02121121212030321312101201223102023
 0.0588235 22211113330300200330221003230122122
 0.0714286 33212101322102301212332120233323220
 0.142857 30120100222221211033030330133003003
 0.0833333 12233101000033103210300132000302133
 0.0666667 31310331231130102020313003102130012
 0.05 22030203313111112302010113101332210
 0.0555556 12012213120220001032023212011213300
 0.0714286 22101033202233210120031332031213300
 0.0555556 21303033132332303131320213133311120
 0.0588235 21123113203012000112212100322102330
 0.0625 00013203021022002120331230300312003
 0.0769231 13211103310300230200130332213013010
 0.0714286 20313313131233321211000320000322000
 0.0526316 31310331231130232331113310320031121
 0.0833333 01022030001113103210300132000302133
 0.0526316 02331122303222111230311013000202222
 0.0666667 12011322022030311031230203133131303
 0.0526316 31311113113201012330332021201212132
 0.0714286 23233003310223303021003012232113302
 0.0714286 03000100102033130332223121202302123
 0.0555556 32131021021312002113203102103200333
 0.0555556 00310201000003101133032110301113310
 0.0555556 20111001001110232331113310320031202
 0.0625 12202202103312232220210011311113010
 0.0526316 01330132120323102113332321222111322
 0.0833333 21011300300322233202331133000222031
 0.0714286 12233101000030102020313003102130012
 0.0555556 30330120311220103233123102103200333
 0.0555556 31311113113201012330232110301113310
 0.0555556 03122112133122202022022102221010030
 0.0625 10313113121003222113101300330002123
 0.0555556 33022121102100222123211230011303333
 0.0714286 31210111011232030303122203002332020
 0.1 23233003310300230200130332213013010
 0.0588235 13211101310223303021003012231213300
 0.0909091 20322023333303123021003010003032323
 0.0625 10313113121003222113101300330002123
 0.0588235 13331010123310201133031011023301010
 0.0666667 22200012301110010333303123100101310
 0.0625 20311323220312110012230323331013312
 0.0666667 21032301021332330110023233223202223
 0.0833333 30231023320223303021003012231213300
 0.05 23233003312210032113210103213022201
 0.0666667 23110123002030013131320213133311120
 0.05 32113113023311102020313003102130012
 0.0588235 20312023030203300121232320023131130
 0.0588235 20123331203312232220210011311113010
 0.0526316 03110321001203220011112022030313021
 0.0526316 12202202123031132133220031133211301
 0.0769231 01022131231133103210300132000302133
 0.0666667 30230201022032113022200100120101310
 0.142857 22101033203221302030000330133003003
 0.0526316 01103211102233210120031332032113302
 0.0526316 03110321001203220133220031133211301
 0.142857 01103211103221302030000330133003003
 0.0555556 22211113330300321312101201221010030
 0.0526316 03122112133122202022022102223102023
 0.0769231 23110123002030102020313003102130003
 0.0526316 21112122302220110322333110030331112
 0.0769231 23233003310223303021003012233212330
 0.05 02121121212030200330221003230122122
 0.0555556 01022001022032113031032221310213220
 0.0666667 21011330103011333202200100120101310
 0.0588235 31303332222002003123202311201300320
 0.0714286 13302333211133310331203312313022001
 0.0625 12202202103312232220210011311113010
 0.0625 10313113121003222113101300330002123
 0.0555556 01103211103221302030000303021012213
 0.111111 20123202112322020203000030133003003
 0.0714286 32210133202233210120031332031213300
 0.0769231 22101033100100003021102111320302013
 0.05 22322030012103312201123113013220022
 0.05 01022000300322202302010113101332210
